Ejercicio3

		Metodo 			Iteraciones
	___________________________________
	Punto Cauchy 			24
	Punto Dog-Leg 			11
	___________________________________


														Metodo RC1

		Iteracion 					x 				    f(x) 		Norma gradiente 		Error
	___________________________________________________________________________________________________________________

			17 			( 2.656988e-05 , -9.999938e-01 ) 		3.000000e+00 		1.205852e-02 			2.7283e-05
			18 			( 3.308971e-06 , -9.999931e-01 ) 		3.000000e+00 		5.284024e-03 			7.6885e-06
			19 			( 3.110487e-06 , -9.999993e-01 ) 		3.000000e+00 		1.411699e-03 			3.1940e-06
			20 			( 3.874806e-07 , -9.999992e-01 ) 		3.000000e+00 		6.186010e-04 			9.0024e-07
			21 			( 3.642118e-07 , -9.999999e-01 ) 		3.000000e+00 		1.652792e-04 			3.7401e-07
			22 			( 4.540757e-08 , -9.999999e-01 ) 		3.000000e+00 		7.242299e-05 			1.0551e-07
			23 			( 4.267745e-08 , -1.000000e+00 ) 		3.000000e+00 		1.935076e-05 			4.3846e-08
			24 			( 5.351287e-09 , -1.000000e+00 ) 		3.000000e+00 		8.476488e-06 			1.2457e-08
	___________________________________________________________________________________________________________________



														Metodo RC2

		Iteracion 						x 							f(x) 			Norma gradiente 		Error
	___________________________________________________________________________________________________________________

			4 			( 6.776213e-01 , -1.661221e+00 ) 		1.536253e+03 		5.078719e+03 			9.4678e-01
			5 			( 3.689134e-01 , -1.345978e+00 ) 		2.631717e+02 		1.419333e+03 			5.0576e-01
			6 			( 1.792636e-01 , -1.145613e+00 ) 		3.851927e+01 		3.755314e+02 			2.3095e-01
			7 			( 7.918606e-02 , -1.027728e+00 ) 		5.892177e+00 		8.207485e+01 			8.3900e-02
			8 			( 3.241925e-02 , -9.935952e-01 ) 		3.240228e+00 		1.570145e+01 			3.3046e-02
			9 			( 1.461478e-03 , -1.001018e+00 ) 		3.001312e+00 		1.538546e+00 			1.7811e-03
			10 			( 6.055101e-06 , -1.000006e+00 ) 		3.000000e+00 		7.680299e-03 			8.4130e-06
			11 			( 1.824213e-10 , -1.000000e+00 ) 		3.000000e+00 		1.969380e-07 			1.8816e-10
	___________________________________________________________________________________________________________________
diary off
